let s = set_of_list [5567;3381;4464;6477;4223;1025;7445;8582;3181;3831;5132;8200;986;7967;553;93;9262;5919;8096;9038;4680;9318;9588;3308;2282;9;9995;9499;5924;2341;8531;7467;4993;6449;6928;9814;8269;3148;878;7054;5163;4936;8293;6212;
1485;7438;3083;7607;3699;6955;7285;2834;8849;4488;3608;6993;8670;6178;8320;1357;213;9794;5935;6685;9864;5206;1205;1792;3313;2909;2479;1686;833;5243;8960;5735;6385;2382;3046;3931;7323;5762;8791;6405;167;3101;7051;5659;324;3009;106;
6522;7396;9000;9046;7266;9135;7747;763;5311;2500;6401;5060;5839;5274;4209;3601;4071;3690;3991;7088;7224;6260;5647;4672;7060;977;6937;8236;1630;4099;1604;8983;4298;4263;2314;6698;4335;2185;9242;3743;1633;1909;9206;3999;5507;9476;
3470;906;9594;4582;7882;4295;5089;9746;1259;8364;2850;3454;1047;6107;6564;1105;6287;8382;4675;7837;229;3477;1170;6307;9557;2413;683;3137;5630;5557;7195;1991;8402;8553;5848;6768;7299;6538;2945;8473;9802;2780;8921;9390;6103;5991;
2856;5416;2196;1742;3186;9853;6572;3312;7897;5008;9567;9459;5398;7587;4318;4572;6176;416;8148;3200;470;7650;6288;7305;8410;3072;4852;7168;2998;7727;9783;6563;8557;7463;6814;6551;5426;1136;6550;5006;6528;6411;8552;558;7943;2857;
8959;7769;4543;6167;5574;1816;7149;9638;6418;9597;6532;5358;4243;7776;1160;9532;2146;389;3023;8434;9196;1641;5152;6114;852;4706;7085;9039;303;842;2340;3815;7036;1547;6792;967;7411;68;1074;8914;1631;5701;7645;2122;6013;3465;6467;
233;2731;6801;7473;4888;4911;1968;8619;8183;7734;4226;2102;934;2964;1356;9644;9005;3198;6749;2046;5314;5657;3606;9665;722;9607;903;4593;174;348;5473;7203;1415;544;6298;4351;8400;1497;6606;3320;2189;507;5828;5023;3438;2992;7126;
5580;8177;2513;1083;1961;1634;5016;7296;6973;6296;8541;7383;5110;9537;3734;4130;4004;9129;1139;7491;4815;6266;9771;2832;6149;6292;5932;6726;5164;7274;4078;8957;8031;5317;4160;1320;2574;6422;8562;7465;1341;5891;1700;4548;985;3109;
7707;6890;6304;6794;6369;6402;6017;7824;3274;139;186;8617;6972;1553;7188;7637;8503;5066;8085;8972;218;5443;1167;4411;4066;6326;8187;4490;8517;7109;7576;8620;2256;9758;8962;7009;189;447;3201;5749;4423;5079;1758;2937;485;806;7409;
6821;1084;9544;471;4239;5916;5429;6714;947;7002;900;9985;404;3940;2287;217;9789;199;5131;9697;1946;8015;3085;4308;8179;9451;9998;5172;3212;7222;5439;8454;3860;9401;5365;3889;3704;7341;1614;6952;6338;3469;6831;9942;5857;8954;441;
1367;4695;1030;1443;6327;4590;6736;2203;4912;261;6654;39;4626;9725;8245;7646;8363;7565;8242;4093;3912;3187;7394;1974;1312;5658;4690;8025;6635;8420;827;9654;3590;4056;7038;355;7223;541;1504;1466;5207;7883;6412;6529;7511;1422;8036;
2315;1786;6121;5810;6891;4068;8377;9941;6155;2644;9465;3333;5493;9136;3060;5334;4833;688;8614;6965;1502;6874;4841;1580;2343;1094;4795;8423;8429;1688;8963;4238;1378;612;2348;4779;7099;9329;3664;5222;6112;5050;2852;5854;4316;5880;
824;8820;9082;3532;7673;7912;179;9706;9625;2271;4988;9349;4971;4542;3799;8239;2477;149;3418;7796;6852;9596;4452;1235;6135;1106;8478;5892;6619;5539;5679;1508;2238;5651;5189;48;2359;5955;9929;1209;2680;7866;3406;1658;3533;7657;9280;
4362;178;9636;9682;2873;6694;8839;3347;1197;7507;589;8785;1145;426;2760;2830;3863;3222;7440;7684;3500;8790;417;6498;4871;5031;4422;5375;3196;6623;2693;5213;486;7599;2994;9984;854;3059;6695;4976;3569;1673;6248;3913;1220;163;3642;1755;
6394;4472;3351;4228;6124;2769;2332;2811;4127;5585;7377;3822;8508;5070;8244;1566;8298;1874;6581;1500;956;8932;7850;1406;4312;1191;36;7639;2701;4813;5645;2342;3847;7397;9548;6960;6416;9901;7600;7981;95;8726;7660;3775;925;3382;7585;1340;
1751;6015;7497;2090;9833;9088;4197;5789;7705;7245;6798;1233;6611;5721;4361;2378;8661;2081;8645;5744;1053;8016;8397;7241;5876;7177;2860;5193;692;7138;2818;3956;7775;573;4389;9444;5743;3635;8212;5569;2759;772;6645;6599;8075;9634;9699;
7966;3275;7755;8827;8680;7496;1625;2364;4782;9325;7603;2562;4909;3077;8222;4652;2941;2916;3814;7142;5171;5716;7763;8163;7955;3307;6111;1779;3917;5753;6774;7544;4307;9576;6085;6108;4382;4278;6781;705;3754;2816;7186;2336;9301;1300;1889;
7284;621;35;6758;317;5520;5063;9569;6741;9031;1264;9727;9440;6902;2107;4467;886;7823;7687;9652;1524;4296;9779;2059;778;4324;3733;1342;2792;2272;9074;7598;1350;3577;6044;6810;577;9823;2061;2610;8173;9337;9884;6370;4978;2746;8295;3223;
2828;2736;6662;8886;3850;7178;182;2317;6893;2026;6626;750;1003;3440;5390;6883;9558;828;5041;1941;9294;9064;4045;9645;1453;376;5845;2454;3030;2526;8693;8870;7515;8160;7488;6070;2549;7271;566;3447;184;5042;1600;1361;4260;1896;7197;357;
4504;2915;5316;6543;8853;4025;1745;1608;9470;665;2351;5223;1691;2965;1475;554;8549;3061;634;9552;1544;7389;4457;3357;3377;6664;3436;1225;3428;2215;3829;1430;7788;5796;2015;7180;2093;4636;6867;8747;3385;8551;4525;3616;3731;3565;4741;
8889;7537;8047;7001;7616;4330;7333;7580;7719;7913;7476;4898;8882;3369;5046;3773;3578;1243;5936;5508;3036;1189;1184;6877;5279;8330;3580;5103;9919;7606;1193;2928;8139;5408;839;9030;6329;5330;7839;9197;3744;6294;2879;2240;1928;4441;1119;
9133;7779;6215;6632;8807;1591;616;7792;383;42;3376;8052;5331;9112;1262;1545;7726;2954;3695;9365;9702;7004;9191;8513;9780;1347;6983;6048;5644;37;7352;2154;600;5909;8161;337;1922;7407;7574;8800;9276;3231;9561;8589;6555;4496;5319;3700;
5480;3747;9891;5419;4517;7174;7124;9149;3064;4454;8560;5295;5945;5559;991;9573;9389;7995;9497;1967;6513;9721;4643;7626;5458;5185;7968;7111;2839;7474;9232;3597;1123;4951;2512;1592;3105;1493;3662;5607;9144;5598;1884;8251;1401;8430;8472;
5078;7416;9461;3777;1315;6948;3145;1612;6868;328;5989;2586;3402;8389;1956;3422;3875;3391;9205;5958;58;3008;5161;8000;4617;2898;1642;105;3461;1971;70;9012;8779;7260;764;6930;5966;6642;7330;2612;9335;4786;6147;7469;6610;8528;8627;4949;34;
6613;6733;9183;9029;9967;5142;395;8871;8813;6153;5196;2977;2588;7654;1260;472;4475;9740;7768;7849;5387;226;2659;2014;2219;4159;2346;6886;8391;8208;2436;8545;1068;9496;3729;5704;2141;5101;7263;2841;3482;9348;4804;4252;2530;6689;1444;4315;
6667;8910;4069;5273;8261;8350;6335;8607;981;8536;6134;8857;1060;6257;4383;5091;4855;6605;329;7045;2095;1013;2164;8746;3131;7852;277;8522;8676;4264;8509;615;8095;8570;768;1891;7366;4293;8411;9956;905;3842;251;1011;7048;387;9847;4646;1234;
3177;5674;3112;3836;2708;7803;5655;7361;7962;5758;9674;7429;5662;6711;6604;5437;7964;7774;6378;7709;6432;4634;6137;9930;9896;8629;8705;3705;7433;8157;6084;4435;6657;7923;9368;7965;5421;8127;8692;8445;7653;7392;7240;7279;1129;5592;1503;3838;
7674;6264;6523;1540;1599;4620;5354;7737;1020;4512;2924;7941;8538;1267;6332;5949;7624;5085;6719;2318;1746;8966;6057;8284;2276;9070;1333;3163;2781;2930;9426;5446;8502;671;5804;2829;9123;4194;2139;6309;1404;369;6595;1750;7121;8577;2283;8447;
2210;3638;7784;7146;8978;9519;7317;2745;6311;1668;9937;9267;7621;1294;442;821;3612;5119;412;8606;3786;6105;7761;6915;8362;495;5335;1737;6988;5170;1338;4436;7864;4502;4491;7597;2108;6923;3809;4967;1678;8677;3217;8731;1263;9632;7549;8543;3784;
4720;3180;5498;8737;3566;3537;281;5380;5312;3626;2427;3802;917;7625;7089;7868;3487;6118;1471;8140;187;3325;50;4276;5663;2685;7857;2682;8495;6668;4376;6273;2117;7562;5594;9313;3423;366;6675;9417;2993;6942;4100;5788;5981;2082;2066;5641;384;932;
6803;7108;1812;5488;9756;7286;3900;1316;7239;2875;7102;3570;3270;7353;1856;2625;370;203;7136;6998;7987;540;2419;4884;211;4663;7502;9260;8559;7579;6331;367;5374;8141;9425;9733;2079;7800;1327;2569;4157;3973;2159;9993;145;4657;5817;7381;2312;
7591;1322;3000;5705;9713;3415;1099;1926;586;7255;3599;2827;1753;9907;7828;6633;5360;3564;8385;3024;5083;2307;4570;3245;5783;9090;2450;948;9603;7350;514;1110;9667;1007;7522;3932;3426;4322;2034;434;
8752;6683;7308;7952;6483;6820;4914;4281;6638;9380;3481;8205;7246;7999;1997;1719;5855;9308;1814;809;7893;2593;1022;7061;6966;803;4174;9356;3803;6553;1728;7743;1473;9467;2143;4568;7172;9946;3807;9744;930;622;2982;3396;5088;6964;6465;2508;6092;
3256;6487;2627;205;2406;8154;9870;6170;2472;3930;5718;950;8480;5183;7902;8100;775;3573;7456;3031;4271;2755;165;3501;3225;4689;7516;4897;4669;9804;1196;1310;6521;846;6325;3925;5076;4581;4656;6836;2776;5821;2891;945;5584;9027;1516;7457;2123;2060;
2988;6655;8578;5179;9526;5917;7472;6497;6637;9098;3288;1650;242;9922;889;1363;715;2670;7335;6445;3140;5224;4605;5339;6734;2080;5036;1623;8872;6392;4398;6916;2597;4873;2639;6442;7892;5219;7466;4576;9799;3032;5690;5840;5521;1390;9142;1964;2443;
3003;5755;811;3317;8342;399;2592;936;5856;474;7447;3219;9762;613;578;2671;4357;7334;4070;9213;1213;6583;3906;4747;2761;4110;5886;5468;5754;3791;4670;4528;5726;4642;6225;8712;5524;7365;3442;7272;8446;6140;2809;488;9266;2188;7672;4756;1402;9666;
4864;2075;5214;84;5159;2771;6358;6291;3572;6171;9215;2115;2205;2050;2063;9829;4140;2567;6066;4342;5115;3054;2698;6490;1730;3173;5294;9822;5973;5838;3948;4794;69;2695;244;6067;7521;5084;1394;3604;3253;7804;4729;3821;1057;414;5835;9347;4224;4353;
1221;7062;1996;609;4373;334;138;7343;6596;2855;1729;5203;7090;7360;2895;1431;6274;894;2617;6122;8772;2651;6602;3521;4363;8034;3070;41;4597;7527;4647;8116;9973;8439;9048;6435;1984;9290;2288;3301;2917;4996;4954;4407;3789;5494;3962;6740;6321;4800;
9655;2031;2969;5734;9146;7655;5288;551;2766;4994;6373;9658;5993;3120;8204;7490;9986;9795;7728;8644;1161;7368;7582;2263;20;7826;9731;8266;1454;3800;1531;1747;5826;6040;3096;720;7545;1265;866;6119;8947;9061;4653;9761;1014;9326;2975;5983;5127;8234;
2652;4138;6716;2039;5061;2520;915;6899;620;6782;3104;9874;8771;7908;6560;7434;9016;1036;4381;4594;7244;1830;1905;6320;5851;4607;1690;5324;4946;4659;3755;7954;6884;9344;7836;5328;7427;3824;2273;9932;8216;6658;2838;6255;7487;8408;2706;9217;8165;
2162;996;8741;5186;9735;9860;1019;2113;5296;8132;5642;788;3450;3725;2719;2851;3637;2365;6995;1712;7706;9041;276;5803;2784;1149;5030;5957;8249;2235;56;2837;1824;5379;4190;9264;4803;884;1152;6730;8736;4188;7066;4939;547;6617;1164;8282;3157;679;
5979;920;3001;2055;5182;3939;342;2551;1040;209;1913;9310;3398;9447;4217;4114;2939;7489;9469;5122;8303;270;5302;3098;7989;8300;7475;9710;5634;4408;2480;8077;3277;6841;6629;1352;6779;2536;3237;9181;5269;528;1670;6503;5109;3174;9162;7506;6931;38;
3841;2170;933;9407;4965;5760;3208;2453;2370;6254;62;4006;6;7885;4052;9113;710;3146;3603;9913;5626;1836;8006;2036;9872;4247;1859;6360;3326;6946;6659;4718;6039;3591;9687;1042;2683;4880;2667;8663;5682;848;4158;4812;7911;8874;4840;2338;1660;667;787;
9283;6980;2007;7420;9087;2580;938;7887;651;3427;8592;4999;5230;8673;9219;5934;6829;5836;2871;836;5225;6766;6045;2747;3552;2843;1715;5114;5860;8526;4120;2947;4876;2201;5724;4591;3579;8365;9978;7628;75;2590;8374;4433;8452;9798;1571;2308;5267;2325;
9915;7277;4508;2326;550;5516;4783;3113;4821;2037;110;678;425;9009;2207;2386;9951;418;7175;4132;896;7319;6958;8519;3304;9581;5670;5506;5961;8730;7997;4943;4134;3365;3286;2854;117;706;6840;1854;2797;6897;4860;2350;6219;1297;8976;9754;1620;2155;2876;
5241;1765;5099;6232;9911;5814;1549;759;1822;4367;4629;7791;2437;3531;1411;9022;4649;6687;6245;8461;9614;7612;2626;639;2119;4851;7189;834;5908;4507;8652;9958;6575;876;795;5568;4707;7479;1113;8335;1086;3272;7378;6434;3709;3835;5430;9120;285;1313;7435;
6396;8604;7601;3498;3017;2451;9430;5596;5349;1809;3927;9715;9954;6018;153;2531;3653;8735;1185;4564;6561;919;7809;5964;9608;8080;4412;6426;2823;4192;4520;6187;8802;1480;5357;2302;3627;4532;2381;3862;644;1523;4585;1318;6382;4805;8996;6350;3721;3062;
2502;5153;3750;684;4892;1748;760;7971;6340;9371;3605;1695;9161;6600;4399;2344;1332;3297;1709;5412;4428;4022;9032;4175;555;2523;5411;4222;3693;1351;9455;3021;909;5369;9077;6439;8902;9322;3033;5484;5392;5100;3241;7704;6761;6276;9869;7150;8888;5680;
4391;8521;8997;1525;3315;7689;4983;2507;997;8828;1440;1988;4305;6019;4261;7740;2134;2575;8504;4541;1330;3358;9271;8424;9933;4146;51;381;8326;7741;6415;868;23;785;2985;1299;5204;1059;8605;9540;3595;6256;4448;8381;1785;3661;4424;8992;7754;3776;4485;
3529;9418;2874;134;1825;2148;9912;5492;1680;4229;1441;3985;526;1574;5228;9571;9852;4256;1397;1024;3844;1960;5702;9458;312;5648;3685;2067;8109;7;9917;1437;8126;9478;2152;6518;8724;9488;6016;3996;8602;4621;5907;970;7862;8783;5073;5773;8540;1617;
1250;2911;2514;6428;6940;9988;2114;1469;9578;9718;3323;2585;3172;264;9384;7237;1373;5245;8263;2433;1447;7595;9698;8156;8565;6854;6466;3138;3485;7805;7083;4658;4577;3921;2181;5571;645;53;508;972;498;4696;4092;4063;4535;3445;8852;29;7300;546;6869;
4702;2853;5364;9193;9141;7846;1982;9072;7905;7658;8107;7069;445;875;2375;1953;3656;2150;3492;5134;4049;1794;7998;2335;3119;5197;260;175;6669;155;3515;3290;3632;9424;1210;6090;3168;8799;1569;6510;3687;382;7424;4473;5169;5950;8471;5610;3387;7110;
2044;9502;865;8878;1374;2444;1656;9153;452;4327;1166;6631;8087;6253;4142;8129;5362;7832;6050;6742;6709;7070;2246;1800;9056;8375;9694;2812;1931;4139;4245;7320;7204;7218;6479;9081;3525;7649;529;6201;7428;6670;3318;6527;4927;6753;3229;7858;2637;6865;
8834;4928;2168;2292;1655;6330;9559;9436;5794;9641;3628;1465;5093;9969;1958;3474;6917;2543;1868;4539;505;2738;3966;5318;8289;9957;1844;6021;8775;9525;8806;7632;5540;7298;5192;7158;8814;7535;4565;4862;7346;556;2357;30;9203;7974;3617;4171;539;7553;
6793;7191;9300;9520;8489;6693;2262;5906;8915;2689;1249;8164;1577;7548;5841;1993;1972;3220;3244;4250;5309;8515;5809;2462;9374;3066;4002;6739;9278;5021;5555;173;3471;3891;7642;3848;8505;4211;2968;3271;3373;2576;2849;7720;3865;9875;2032;1510;4178;
5263;6481;6763;2265;823;9395;7807;4425;19;6263;9589;6318;8341;8136;5529;7215;8338;3264;7638;5929;3006;7525;5978;8561;8631;1733;8346;6981;1029;4005;401;8838;9288;6688;2697;4204;2783;9840;2316;8797;2733;4645;1619;3588;6368;6547;7400;3170;4270;5990;
6223;5927;353;4679;1398;9067;5544;7692;1808;9463;392;9536;9538;5148;4780;6190;5790;5271;9204;8021;5643;1980;5699;1664;9177;8089;5427;4109;5373;5126;9685;1881;8468;8011;3483;3979;9504;6323;3305;1848;1323;1796;4810;776;8470;9340;4126;8585;851;4286;
7961;7790;5395;1288;2687;9564;9258;2126;3825;9926;1675;1835;1476;7458;5599;9159;5710;1593;3235;1078;9623;6161;9509;6446;4103;5301;672;3473;1479;5482;400;6936;4831;8438;6743;7107;330;7633;5466;6901;44;1789;8845;8956;3121;7249;3292;8353;5478;7398;
7891;6297;721;8279;506;7010;5249;4866;6945;500;8774;8576;7067;5253;9848;3544;8754;2560;2956;1188;6383;9521;1522;3505;5108;3735;204;1693;6651;9292;4484;4910;2866;4483;1536;6399;1526;8271;8913;8308;8378;6832;9060;8753;2577;7752;7481;9947;4359;9530;
5820;6990;8938;7879;359;8841;86;6525;1403;4811;7723;7012;7771;6279;1645;8422;5026;965;6420;4587;5135;605;5272;6918;7773;3404;9042;6833;1831;4986;7078;1838;999;5938;7151;8958;8310;1552;4182;7797;2808;6984;3343;7831;7678;3176;7970;696;1581;3672;6414;
7848;655;9080;7257;8151;2005;850;4913;9885;4219;1360;1329;9218;6222;9472;8045;290;7261;4569;1337;9055;676;527;2764;1611;4908;8193;9861;4788;5299;3683;8014;8935;4145;7356;326;8155;3920;966;1257;8407;3652;8835;1778;5351;5435;664;345;7283;9383;3922;
3479;2863;5668;657;5942;5394;6875;3018;206;1665;5018;2579;2573;2952;3394;6173;8258;7899;8897;7441;143;1906;2802;1325;7046;608;1077;5160;2978;9352;9788;4254;3745;604;4622;9899;6725;7560;2105;3826;5681;9393;3952;4050;2703;6377;2643;2304;2900;3667;1936;
2699;5211;305;7547;4008;1875;2742;3602;3724;4257;9002;3016;4492;8918;9130;4079;7301;7201;2813;7483;2629;2327;3522;8939;6873;8665;7993;5518;8728;638;1423;9747;2630;6812;195;2803;7105;2214;3084;2200;733;7714;3868;4940;4832;8017;2414;2030;4845;4937;
4279;6404;1474;9895;2676;7526;2233;7944;6735;762;5064;364;7518;2319;3100;43;1563;2735;9076;2521;1;8444;8844;703;2389;9500;1002;9428;1023;2704;2537;2043;9931;9964;6686;6094;3877;2303;1639;3556;755;6349;4476;8767;4183;6724;4792;6911;5546;2737;358;
8049;5604;6365;6034;4076;5616;8158;3908;2151;9006;892;1725;1618;8062;3629;1782;2707;5896;3995;4393;162;686;5095;8482;5259;4167;542;6058;2554;9696;247;7200;1735;8512;2721;3199;2902;2255;1701;1916;7049;5449;2767;5861;3449;101;5476;5044;2893;454;5523;
6252;4934;5747;5156;942;9523;15;904;8292;8688;9781;1647;4742;8987;2914;1178;1870;4522;5080;1771;6967;9435;1427;52;9307;1343;7863;6397;7303;83;663;2239;1158;3673;5181;4757;3136;5144;9873;9635;4775;3095;3182;3691;3977;6887;5863;7123;1146;3306;6588;6047;
640;8760;3858;7629;4624;8974;654;3319;794;9550;6933;7192;1550;1837;4089;6091;378;534;8636;3827;4470;6116;9851;9429;3403;4554;6343;8574;8876;4724;5198;3697;2412;709;4386;8755;4773;7251;4165;4477;4699;3813;2147;7347;9448;3587;6059;1278;8862;7160;9285;
8626;413;699;9888;5792;4509;7355;3526;2076;5637;3421;9821;6193;5822;7896;9376;5640;7288;2269;5765;9464;5045;4213;7865;6732;7614;2623;1147;26;7247;9904;627;5608;6997;1601;6859;9234;4153;5843;9158;8273;6063;8344;601;9524;9849;1976;130;8404;8226;9400;
8224;1229;5244;1305;3073;3430;6417;7604;2963;8090;4981;2422;1903;5280;4133;2138;7947;210;1702;267;4595;3007;5423;5996;9156;6390;7682;4744;6030;689;9714;4834;7043;6499;8669;1483;9892;7760;3890;4341;8018;239;1999;9996;9020;617;1587;5850;2516;7501;3050;
7120;415;4697;7075;7748;969;9245;5547;8133;6172;7563;7309;5029;1391;730;1328;3437;3857;8190;7047;4746;681;8186;1460;208;2953;2439;9553;5268;5870;8051;2002;8895;6818;8092;9190;2544;2257;5776;571;611;4526;3002;8708;3322;8227;7229;1062;532;9560;4544;136;
6509;7077;4299;2711;7025;4878;777;2889;702;3371;5149;9235;309;2619;2919;8313;7876;7455;5491;7408;9819;3336;1804;6919;9554;8879;1075;6230;5519;4977;1171;6987;5600;6671;4471;8906;4075;8091;9868;4947;1863;7278;3149;6251;7543;9189;7534;1776;7567;7566;
9275;9184;6921;1163;8479;6208;3986;5151;219;9565;6938;319;5984;1519;680;804;3910;5815;7208;3332;3207;3255;6759;8147;8928;8662;8955;7524;537;2160;3080;887;1721;8388;2209;6620;7931;4415;1791;6436;325;650;6310;2800;1565;7056;8135;1685;7007;3560;3081;
3756;2430;9103;9014;3945;71;2218;4906;3655;9433;3720;6754;8722;2260;6123;2275;273;7446;9297;5216;2950;6745;8595;8103;4193;1135;2385;4531;974;1236;4948;697;1626;4275;8718;5125;2532;9657;298;103;4952;1609;3878;6713;3864;747;5757;4406;5140;9338;4246;
1362;6005;6708;1050;6846;7130;9128;7453;8946;5155;318;9279;2106;3118;5549;623;8232;2899;9535;4034;5570;6910;754;9381;6268;6809;6828;3190;7016;7351;8414;2360;7464;9336;1910;5899;7636;459;6991;8685;7454;3873;4331;3666;7586;4057;7976;6504;365;3609;
1206;6159;1175;3034;4450;633;745;2128;2353;8687;5816;916;7432;3607;7648;2064;3958;6391;1636;3854;6977;3134;1425;7097;1542;9501;989;8093;2925;520;734;3969;5463;9078;2525;3126;4661;8651;8842;1001;2221;7144;8079;2864;2045;3524;3519;5677;5842;2109;2321;
4826;2397;7945;1676;5039;1799;6788;5581;5714;3808;4233;5951;4420;5184;4380;5440;4677;3909;2607;4131;8143;4814;3;2718;8967;4166;1865;5003;1041;1010;9604;6907;7419;7623;3677;7750;5462;4806;7960;5072;3780;102;431;4102;2435;169;2027;5780;4942;7410;7875;
5883;5505;6032;3383;941;9097;2730;9782;3806;1176;4533;7634;2247;3169;549;8846;7264;7439;5752;6299;9858;4516;4019;2489;8787;197;6395;8756;2469;7018;7795;2124;7827;2726;4561;491;4768;7242;5878;9582;6337;9341;8257;3252;1697;4632;2232;4385;5086;433;8360;
8945;1420;79;7156;8990;8638;8003;4466;301;6470;386;1067;583;6889;6723;4608;5147;4321;5795;2668;3936;3950;3869;4739;1498;9449;4614;1199;1594;7853;5306;5442;5777;7170;5346;356;3783;8732;4437;7777;8609;4703;7374;
1713;8899;2545;5178;2136;5920;315;4370;4061;3625;2918;1534;1975;2296;9828;8980;4787;8180;271;2417;8499;5977;5691;8290;2446;8510;4030;6269;2631;3027;5903;8831;3975;3166;8334;6574;7593;8494;1168;9621;988;2176;2961;2604;3242;8985;8417;1669;9793;1227;5629;
263;6462;9241;4478;808;253;2486;3870;9507;1336;3550;6009;4225;9099;1239;5510;1551;157;9379;1894;3420;7694;7951;6699;6895;1726;3221;1740;3435;1514;4710;8405;731;1826;6141;9008;739;2587;4268;6870;4838;2376;2483;9661;3911;2984;7717;6627;2038;8370;4727;1943;
216;7000;9826;5742;3680;4974;272;6011;4334;8865;8575;7662;7205;4966;7840;5483;1861;6448;2363;9102;2684;9859;1496;5173;2678;6961;8532;9616;5252;572;1137;6864;2981;2789;3644;8260;129;8206;1810;9050;599;2091;9402;6971;8004;3076;7833;3164;3520;7698;2423;9069;
4356;6569;7557;6721;4640;6656;4185;6407;6129;8995;6888;2254;380;9965;3239;9592;4797;982;9854;8597;7696;6125;5893;1008;341;4997;9366;6235;7733;8675;2289;588;1407;6855;9480;6815;4763;4586;7825;3353;3299;7021;2337;3165;4830;796;8794;7148;4440;2528;7017;3554;
9454;6636;9631;6478;7129;1138;2656;6430;7418;172;6077;3618;7916;180;890;6797;5548;5864;2535;6410;9902;1681;4402;5096;2884;6578;5229;6127;8681;1165;5894;4980;144;6577;9624;3768;7589;2912;9749;2920;3362;8635;8867;7297;5111;6537;1817;6469;1413;2424;1908;662;
8054;8074;6423;147;4784;1308;8836;5898;9784;8930;1266;2149;2398;8167;9282;8130;7609;2267;5474;2358;3116;5403;5832;2970;7326;1015;4885;3280;7577;8209;296;8748;2035;6306;6056;9767;1148;2591;9163;6950;835;9673;1368;6036;8610;4945;5522;8355;8698;7932;3499;
4149;7318;7342;9251;4350;3801;959;8795;9880;2100;100;8327;752;9370;7116;1388;5617;5117;2198;1897;2628;7006;5995;1005;610;3388;7861;522;5422;2681;9473;9583;2054;6226;2922;8057;2088;2989;5689;6429;3452;8013;6073;2666;717;7364;6900;2598;5849;6975;928;5383;
7561;4839;9970;3389;1064;8399;2300;8547;5313;530;9810;231;7128;2182;4882;8766;3410;9091;7349;6097;4956;7992;5865;4460;8322;3723;5542;8909;9910;707;5475;6559;4665;4364;1901;156;2990;9192;7520;1845;4289;3152;396;957;6861;1190;4774;4497;779;2485;8925;3715;
2144;6805;4530;5345;4523;8035;9862;2129;3074;6612;9117;7385;1393;4619;7975;5999;3553;3375;5250;3967;5527;704;4802;7528;7708;5770;65;8203;9770;3213;3834;5343;8460;2548;4172;9925;6795;4752;2392;5913;9035;2204;6548;9543;4010;1405;2944;372;8435;5867;5456;5292;
5853;2499;6029;2484;7421;3837;2052;4227;3266;3303;8111;3748;8058;8880;7898;3942;1289;7362;8761;5713;5128;9545;8366;9752;3026;4654;1457;1451;3043;1666;2274;4809;1624;7302;7253;3065;1382;6684;9194;5175;5812;5342;2867;5825;7030;5869;8312;3475;6043;9427;6838;
2227;6106;4635;6054;2606;7193;137;6926;2583;9898;8810;1416;5603;8145;9839;512;9943;9766;724;3852;8554;3954;5010;7117;9104;4781;1860;7292;3753;3737;9618;2847;7530;240;6762;4354;4745;1280;751;8648;4503;5459;9176;7575;2979;1448;3586;4029;3765;503;3772;4623;
4515;5536;3395;4325;5941;4900;5649;1521;427;3769;112;1990;4935;5323;2709;4459;8253;6546;3898;8002;6597;3342;7059;4538;8358;6968;2049;222;9224;6033;7685;9923;9622;9106;1421;7572;8584;1575;8028;2187;1066;2372;2366;6985;6301;9755;2355;4303;9411;7332;7799;8189;
9611;1986;9324;3941;2072;3407;8309;4616;1383;8384;4721;3736;1930;1072;4269;8340;6437;826;1371;2025;1840;2763;6115;9966;8267;9677;282;1756;568;3571;7125;5432;1484;1097;5632;2352;8851;628;7258;7847;1955;1511;4096;8427;4738;7668;388;1331;8927;3115;5791;2293;
6491;7071;5218;6455;8492;7354;9809;8040;4553;8697;3561;9468;2872;4701;9437;7675;6609;4205;4458;3370;1396;9707;2806;360;998;2295;8453;9486;891;8039;8383;7762;7287;4033;6482;2515;6082;5620;6903;67;9256;708;6028;5715;9900;7928;5664;5434;4118;1773;7519;9534;1044;
9274;1381;6144;2848;2831;5703;4434;6239;4610;927;3823;9200;2463;543;5372;9719;237;2846;4700;2192;2329;607;829;4244;3727;6041;8024;4651;9680;9327;9299;3798;2686;1743;2488;2464;8457;3238;453;7190;5289;935;943;3682;3698;5987;5654;8307;6162;300;465;8776;141;1562;7772; 
3785;8106;9045;4903;2099;2753;4288;6093;3758;1506;3516;1677;6336;8436;4062;5290;5827;9095;8304;3611;9786;3792;7327;7372;4161;9551;125;8325;3139;2664;5481;8979;1966;5572;1286;9987;2183;630;6614;3990;3490;8525;2084;9527;3819;8556;7316;9068;3631;1118;4931;7508;
9115;7336;4387;6453;3843;2354;3596;1063;3228;8001;1567;8217;409;727;7331;5786;591;8733;1869;284;2750;4571;6216;2356;393;5625;2799;3463;4511;252;9660;8848;8431;193;2511;9751;2582;5947;2173;1126;723;6308;9649;1667;4824;3278;840;435;5745;3752;4648;2431;3527;5948;
9346;4519;1847;1272;5720;7512;6816;7532;8579;9441;3013;535;1387;3712;9945;9815;784;76;525;3881;8255;7155;6192;32;1345;618;8412;475;5240;698;6480;8449;1938;4916;6064;1021;4666;1899;221;4995;4154;9736;1248;2053;6652;4921;557;7176;7035;6586;1369;9248;99;8572;7032;
7996;3741;8975;4111;8981;3804;7015;9903;1121;3640;4368;2006;9253;4083;40;5532;2633;6025;5885;673;7681;6566;6639;28;5145;9595;8386;6174;9167;9387;4001;5882;9147;7922;9093;3855;1450;3976;973;6409;148;5102;2252;8030;4168;8026;7925;3600;7226;8569;5283;391;6712;
7325;2842;8581;1985;4534;2470;7165;4323;4218;4462;2804;1761;494;4567;8704;5409;5188;6512;2279;1244;984;4848;9255;7450;9315;5355;1584;1839;2494;5970;7938;877;302;1261;2111;5613;2266;5424;6776;545;6447;4819;3963;1948;2647;8122;4615;2400;6244;4352;7119;7568;2935;
7402;8903;9908;789;3924;2938;4302;1379;4829;3849;2542;96;2966;3676;8331;3583;6729;624;1130;8894;5043;8949;4206;1194;6772;9111;1648;1710;6031;9416;1296;863;8302;4081;594;5737;4403;8314;6207;4842;4603;2194;4575;437;455;9353;9790;825;9972;9477;3497;10000;7399;5310;
6558;6096;3630;3555;4627;4563;1568;3746;1659;8759;9244;5460;1033;3185;1995;7703;5767;1251;1155;4080;1187;6784;6079;9650;4251;2421;3732;940;1125;7477;1760;2197;4237;8474;3468;2882;8982;8649;6849;1911;8721;429;7813;4545;9228;1509;2481;7854;5094;2380;8067;7081;161;
6752;5420;4031;8695;4598;9403;116;4236;3156;3657;9646;333;2556;1532;7640;6526;5382;2193;6934;8611;4074;6145;8115;4694;1629;7214;4798;2510;3413;4749;8072;9319;8286;3204;1424;2997;5067;8777;3188;6282;6999;4631;8877;6892;9866;2926;7581;5695;4379;693;1795;16;151;2169;
6580;1274;4489;2609;6786;8010;9466;6585;3647;171;2010;5187;2705;5013;5621;4725;9378;8770;7914;1344;4199;726;1108;9212;6163;7881;7403;2429;9168;3206;1490;6924;3622;2174;5215;9118;592;7715;7751;1774;1124;822;6607;1117;8612;8944;6346;3260;659;9717;5433;3916;5455;4715;
864;5019;5238;4843;4822;5763;570;1085;5112;9355;8118;9471;4777;9295;3037;5453;4240;4682;3796;4979;8218;7679;4828;6493;3114;2702;1962;7594;3379;7044;4717;3738;8500;8032;3717;1934;1579;4065;695;2074;9510;8812;2636;2236;4235;9580;1777;8498;5336;4032;8367;2208;4337;8023;
9811;299;5332;9602;7401;9516;5535;6912;1282;5914;3038;6862;3392;2042;9949;3004;1256;8046;3534;438;4319;1762;6601;2822;6062;7310;6185;5741;6078;4274;5017;1954;5624;701;771;9372;819;9227;5541;9615;6421;3194;4358;3135;6314;1092;7289;1081;2285;968;4972;1395;5004;3133;
9724;7787;8099;885;3992;6666;8174;3540;8146;225;5265;5672;5782;767;9185;8991;911;3257;1716;6293;3507;5209;9676;3175;2688;5722;872;7990;2230;2602;3310;9057;3708;9577;921;8324;1520;1807;1684;7942;6898;2501;5778;2885;9169;6860;9593;9982;2083;9456;234;5940;6202;4991;
4067;5384;7096;2712;753;3703;3830;349;4378;8762;4731;7542;3124;6496;9640;4230;2936;3542;3876;6441;5304;6281;6038;9452;3132;9980;700;2438;5261;8764;8658;3127;6229;108;7844;3143;1850;8481;7745;8149;4589;7785;7765;5452;5441;7162;1708;1048;4881;5255;813;3226;5388;7619;
7084;3458;220;6295;3896;7873;5200;8854;7554;5921;8922;14;3130;8185;8883;4084;5768;3795;7100;5717;6457;7321;2408;7095;4282;4641;5963;1585;1606;1238;5605;1273;6914;1947;2426;8455;7235;3052;9345;635;8068;780;3284;9827;8192;6425;403;4371;8653;7037;1895;5495;8114;660;7153;
2393;1739;9683;1973;2790;7057;1240;2206;2068;7746;9831;127;5590;8937;3539;9092;9591;3058;4431;5470;6727;4348;595;5065;2960;6681;7280;9494;2835;5730;8717;5098;2216;9075;4395;9675;2694;6738;4968;725;7199;6160;480;9514;5606;7423;576;4736;1293;8768;6976;4287;9920;9178;
7135;8440;7388;2313;7275;7680;7444;2291;9015;4633;2782;1410;9568;4007;8029;9549;7816;2635;6388;8646;4660;9361;1301;5706;4447;3926;5174;6826;1247;7405;4087;3493;9018;6007;9139;1140;1389;1558;3678;9164;8229;9134;6717;6012;9704;6184;9420;1512;5378;9659;8896;6696;9202;
2023;8710;3832;9311;3935;2599;3161;3363;6148;8094;2175;4184;1969;8647;6992;6242;6075;7063;4970;289;6894;8256;1607;8272;1218;6628;9977;7531;6906;8603;4733;5454;2653;2713;8916;9836;6283;8769;6451;8084;2972;1017;978;7040;7759;6363;8198;3774;2101;6679;9273;9737;7092;9109;
6678;7829;9354;3265;4360;2974;9776;2665;8936;9011;7725;5106;893;6213;4730;7492;6285;4401;3965;5526;397;2420;9084;1133;200;9961;1339;7269;9364;8989;7221;1432;4169;931;1654;8819;782;1268;8667;1284;7939;8583;1058;5693;2077;5683;670;9413;2195;2383;2449;9691;2133;5221;4148;
4789;6489;8425;5320;1546;515;4000;3879;2550;9867;694;9062;1818;7243;4987;1935;8970;9085;1940;5074;201;6353;88;1111;9025;3513;8654;4868;8134;1082;951;1783;2009;4055;7644;4164;5137;3568;3289;1929;8738;1689;73;1596;8674;339;8294;6231;6485;1627;5887;9175;2716;7143;8194;
6806;6885;2330;9879;2632;3122;2655;5020;4162;4253;7915;5450;4668;7588;9333;3987;7783;4785;3805;770;2908;8166;3184;8571;5338;4203;585;4122;5888;2131;3620;6128;1819;5002;6199;536;1622;321;1805;6376;3393;4117;3660;168;895;6080;90;4799;4596;3408;4754;2620;7390;3211;4394;
9928;2379;1276;2819;5234;1091;4121;5251;5167;484;8220;8027;9601;1346;8;3285;2249;3649;2092;9817;4875;8274;5035;2244;5278;9263;5639;5998;9305;9484;5503;3508;9491;2390;9983;8890;4384;1317;8306;523;9296;6770;1283;2116;8743;7814;9419;1992;6234;8287;6647;1662;6718;6088;4583;
5586;8311;7749;2971;6458;1088;5612;7656;493;6042;8804;8714;72;8891;4664;9734;6352;2490;2729;3639;6994;6858;1334;2171;6876;5237;8078;5636;8275;642;3518;9004;3251;5751;5802;6236;3675;8749;6847;2409;9834;7485;5583;8108;2268;1070;5638;9953;7652;8348;2775;1921;8055;4155;5341;
5400;5386;3946;7210;8566;5974;3214;6954;7259;716;5575;5337;8757;2773;6302;7677;6237;8633;2740;910;7540;832;2559;3536;5732;8433;8948;1253;9054;8751;6939;7376;8630;6182;6004;1069;6567;2948;9105;2641;8490;6035;2546;1570;4961;8081;9722;9723;8150;9230;2135;7033;1355;6117;6982;
4552;8301;6927;2461;5308;7213;6459;6744;3585;9855;4753;4737;7415;8332;2294;6317;3262;7068;4683;249;8580;3446;7870;2751;9999;5068;9422;7985;2029;5415;2374;8866;6616;7538;4136;4990;1987;4374;6175;4558;8211;682;9748;2749;9974;482;7789;757;6099;9143;9529;1061;2028;6506;8533;
2743;2942;7510;6375;4856;2062;8789;4957;8953;2186;7008;9270;6227;8999;7137;8228;5819;6003;799;2369;8063;9918;6579;12;6179;8343;2324;3424;1781;9672;675;3282;4510;9317;448;2367;5146;160;1554;7972;3273;2323;1037;3509;5731;2396;2459;3658;3258;2391;7114;7314;6932;4923;9773;
8050;5824;3216;8601;3489;4673;5071;2700;5553;477;202;2584;9971;4346;8125;3934;1918;2190;5305;6166;5315;6785;8524;8941;4886;6413;4432;9512;9445;8231;4137;5141;9073;5871;194;9148;1089;2163;6322;7940;291;2657;4125;4869;7295;1156;5511;1231;2008;9066;9845;5766;4486;1952;4536;
5712;13;6922;8060;1692;2888;1539;8124;6364;432;3707;5711;3957;4566;1803;6143;9223;6095;3466;1815;7307;538;1056;7231;9059;9397;4037;6844;5533;2112;3914;6381;8162;9314;574;5890;1538;9332;1998;5397;565;371;9186;1142;6878;9017;937;3548;4776;3298;2241;4863;6389;4637;4917;3794;
6101;3883;9498;9375;4292;793;8850;9778;3882;57;250;4340;6691;9047;9399;3349;6280;7821;6224;8299;9647;191;4674;2458;3938;7254;4404;7693;4850;5587;5602;2616;5787;837;8419;8223;8784;5124;3443;8632;6386;9160;4618;6962;9257;490;7830;3268;8744;7412;
6690;9236;6573;5727;7602;8401;9955;8137;880;1217;1006;5692;8373;736;4755;8009;5445;1468;7147;4650;446;8964;9991;9369;7256;8336;5212;343;3510;1049;8599;8005;150;3434;7793;1004;258;9886;3029;7050;361;8082;2212;2674;2564;340;2825;7452;8923;2757;4579;6592;8086;3592;9405;
2973;1034;9238;7076;2741;2237;1527;9122;3575;5321;6027;744;7732;5868;511;146;9382;1720;7918;7948;501;8696;6944;8573;5595;9240;7029;4043;2120;5968;7983;2739;1439;1616;7766;3243;1100;9656;119;5698;1131;7005;4518;5191;3010;3108;1723;4053;8369;1285;3980;7509;9207;9462;5986;
1687;4377;5808;7667;5563;7731;255;3462;6996;4212;8083;2798;1560;7367;1304;8615;7167;5104;801;766;4177;8683;4108;6010;2432;1275;6354;4210;3191;3902;5118;4220;6834;2051;3669;5875;5975;6541;907;2503;3092;9574;8514;5465;9599;8038;7980;3111;3287;2959;9968;1595;2662;9893;3162;
8516;4825;2578;9289;6133;2541;9182;929;3904;6351;9187;6150;9648;3300;7082;1487;4416;5059;4513;232;6342;8462;691;4201;9312;6908;7767;3291;9531;590;3818;6935;6909;1613;5444;3457;3020;8268;5300;6461;8280;6851;6284;6502;5217;1408;4026;9883;1277;9807;5052;2777;8920;7228;7620;
8530;1914;8550;3714;1377;8008;5393;6644;5646;5260;3417;4969;3624;1224;132;6220;831;1583;6728;1174;8393;5129;652;5946;6157;8537;2983;5830;6454;7691;5032;8664;5623;2242;6022;323;3959;3716;2539;7133;7959;1000;9800;1433;8924;2786;9669;9415;5622;3431;3739;7615;3790;8361;4338;
963;10;5829;3153;6630;5566;1892;7294;4681;7293;1080;7370;8586;9832;602;802;92;8856;9154;1586;5874;2259;735;47;5406;6557;6061;2675;7169;6198;569;4013;656;5469;9830;6707;2955;3063;8742;1924;5053;6203;4016;1211;4854;8033;6136;3760;212;5728;4883;3281;2594;227;1764;9684;9806;
375;1957;3189;2624;3972;9730;7982;4907;4012;6570;1637;8368;4638;6046;8544;1707;6374;1226;9513;422;8394;94;8197;8564;504;8442;6702;8818;9692;7742;7618;4762;5588;9137;519;7558;368;7794;7494;9503;3110;3859;9065;6542;2217;1797;5022;567;5425;188;4248;581;3621;4877;8821;8643;
8666;5130;6800;1491;8625;377;881;4599;7550;2301;619;4290;4453;8070;6767;7842;1365;159;7311;5504;1912;268;8809;6701;7845;9140;3071;6807;9709;781;8628;1528;4529;1696;3416;3871;9600;2384;8727;8542;9729;4767;8406;8102;9021;1212;3409;3314;1694;9438;6240;4688;6703;8869;8097;
5428;5090;6951;336;6440;3943;1564;9556;4550;4793;4051;1736;3340;1949;3324;3905;5818;1738;946;1867;3451;3345;8518;5811;8893;1364;2156;2297;5233;4975;7206;2540;8254;5771;5866;5281;7935;962;8786;287;4639;3535;7371;2465;1517;8248;3546;2987;2999;9125;8041;3352;8837;5550;5000;
9357;4410;3888;4390;6486;9024;8486;674;5578;580;8318;7724;2085;2349;6221;2869;4853;1749;5055;3486;5633;8121;8535;9151;9127;8475;1744;4449;765;4041;6464;7686;4392;1802;3195;9679;1375;9358;9246;8415;4893;8884;8065;8276;4844;8725;6649;5404;8650;8305;4743;1127;4173;6494;1741;
6507;3359;2529;5925;7927;517;5361;4147;1661;1767;6177;2491;7811;9171;4750;7957;4808;2505;1951;1039;9887;5058;5376;1977;1811;7027;314;344;4098;8333;8640;961;3355;2368;2563;5499;5348;584;9013;5561;8112;5552;7851;8246;207;3820;2158;6737;7806;7139;6319;3759;6362;1714;3327;4046;
4684;6540;5205;6444;7712;9613;9664;8215;4439;5303;7375;955;2071;756;8477;3953;1576;7661;9386;8881;2371;8214;4196;6087;3360;3178;8801;5195;9033;6261;7969;4556;478;7290;7611;4676;669;8679;9989;245;7379;6715;8501;4861;9670;5666;1012;3614;8815;2482;1907;9934;4320;816;7339;9629;
9750;1573;5322;4232;9695;7315;9450;9805;7216;4891;1846;5009;8416;9620;7781;4156;5785;7605;8622;2905;9959;9026;456;5282;7161;8642;9385;6839;462;4592;7393;9533;6218;3701;773;9493;7699;3641;8207;6904;9663;8723;1821;2634;6379;6475;5656;4086;8042;987;4501;8805;3547;2016;3425;5276;
2425;2903;1414;6209;2603;6593;6618;7344;7041;9820;1271;6071;1615;1281;5190;9214;4396;8778;7919;4180;7956;6165;2493;9813;3730;120;5652;1682;1028;7436;6341;1192;7869;7764;3764;5120;7127;2887;8329;1079;8409;3619;2894;45676];;
